Region,Year,Healthy (NCDRisC (2017)),Overweight or Obese (NCDRisC (2017)),Underweight (NCDRisC (2017))
Africa,2000,69.2,16.0,14.9
Africa,2001,69.0,16.3,14.7
Africa,2002,68.8,16.6,14.5
Africa,2003,68.7,17.0,14.4
Africa,2004,68.5,17.3,14.2
Africa,2005,68.3,17.7,14.0
Africa,2006,68.1,18.1,13.8
Africa,2007,67.9,18.5,13.6
Africa,2008,67.6,19.0,13.4
Africa,2009,67.4,19.4,13.2
Africa,2010,67.1,19.9,13.0
Africa,2011,66.9,20.3,12.8
Africa,2012,66.6,20.8,12.6
Africa,2013,66.3,21.3,12.4
Africa,2014,65.9,21.8,12.2
All Countries,2000,50.66153846153846,43.88461538461539,5.507692307692308
All Countries,2001,50.20384615384616,44.45769230769231,5.384615384615384
All Countries,2002,49.738461538461536,44.99230769230769,5.26923076923077
All Countries,2003,49.269230769230774,45.58461538461539,5.161538461538461
All Countries,2004,48.84615384615385,46.169230769230765,5.038461538461538
All Countries,2005,48.36153846153846,46.784615384615385,4.915384615384615
All Countries,2006,47.80769230769231,47.38846153846154,4.803846153846154
All Countries,2007,47.30384615384615,48.019230769230774,4.676923076923077
All Countries,2008,46.78846153846154,48.64615384615385,4.55
All Countries,2009,46.28846153846154,49.26538461538462,4.438461538461539
All Countries,2010,45.78076923076924,49.892307692307696,4.326923076923077
All Countries,2011,45.27692307692308,50.51538461538462,4.211538461538462
All Countries,2012,44.76538461538462,51.09615384615385,4.15
All Countries,2013,44.246153846153845,51.715384615384615,4.0346153846153845
All Countries,2014,43.719230769230776,52.353846153846156,3.926923076923077
Caribbean,2000,54.7,38.9,6.4
Caribbean,2001,54.1,39.7,6.2
Caribbean,2002,53.5,40.5,6.0
Caribbean,2003,52.9,41.4,5.8
Caribbean,2004,52.2,42.2,5.5
Caribbean,2005,51.6,43.1,5.3
Caribbean,2006,50.9,44.0,5.1
Caribbean,2007,50.2,44.9,4.9
Caribbean,2008,49.5,45.8,4.7
Caribbean,2009,48.8,46.6,4.5
Caribbean,2010,48.2,47.5,4.4
Caribbean,2011,47.5,48.3,4.2
Caribbean,2012,46.8,49.2,4.0
Caribbean,2013,46.1,50.0,3.8
Caribbean,2014,45.4,50.9,3.7
Central America,2000,55.3,40.4,4.3
Central America,2001,54.7,41.1,4.1
Central America,2002,54.1,41.9,4.0
Central America,2003,53.5,42.7,3.8
Central America,2004,53.0,43.4,3.7
Central America,2005,52.4,44.1,3.5
Central America,2006,51.7,44.9,3.4
Central America,2007,51.1,45.7,3.2
Central America,2008,50.5,46.4,3.1
Central America,2009,49.8,47.2,3.0
Central America,2010,49.2,47.9,2.9
Central America,2011,48.6,48.6,2.8
Central America,2012,48.0,49.4,2.7
Central America,2013,47.3,50.1,2.6
Central America,2014,46.7,50.8,2.5
Central Asia,2000,58.0,38.7,3.4
Central Asia,2001,57.7,39.1,3.3
Central Asia,2002,57.4,39.4,3.2
Central Asia,2003,57.0,40.0,3.1
Central Asia,2004,56.5,40.5,3.0
Central Asia,2005,55.9,41.2,2.9
Central Asia,2006,55.3,41.9,2.8
Central Asia,2007,54.7,42.7,2.6
Central Asia,2008,53.9,43.5,2.5
Central Asia,2009,53.2,44.4,2.4
Central Asia,2010,52.4,45.2,2.3
Central Asia,2011,51.6,46.1,2.2
Central Asia,2012,50.9,47.0,2.1
Central Asia,2013,50.1,47.9,2.0
Central Asia,2014,49.3,48.8,2.0
Eastern Asia,2000,68.4,25.1,6.5
Eastern Asia,2001,68.0,25.6,6.3
Eastern Asia,2002,67.7,26.1,6.2
Eastern Asia,2003,67.3,26.7,6.1
Eastern Asia,2004,66.8,27.3,5.9
Eastern Asia,2005,66.4,27.9,5.7
Eastern Asia,2006,65.9,28.5,5.6
Eastern Asia,2007,65.3,29.3,5.4
Eastern Asia,2008,64.7,30.0,5.2
Eastern Asia,2009,64.1,30.8,5.1
Eastern Asia,2010,63.5,31.6,4.9
Eastern Asia,2011,62.8,32.4,4.8
Eastern Asia,2012,62.2,33.2,4.6
Eastern Asia,2013,61.5,34.0,4.5
Eastern Asia,2014,60.8,34.9,4.3
Europe,2000,42.8,56.3,0.9
Europe,2001,42.2,56.9,0.9
Europe,2002,41.6,57.6,0.8
Europe,2003,41.0,58.2,0.8
Europe,2004,40.4,58.8,0.8
Europe,2005,39.8,59.5,0.7
Europe,2006,39.2,60.1,0.7
Europe,2007,38.5,60.8,0.7
Europe,2008,37.9,61.4,0.6
Europe,2009,37.4,62.0,0.6
Europe,2010,36.9,62.5,0.6
Europe,2011,36.4,63.1,0.6
Europe,2012,35.9,63.6,0.5
Europe,2013,35.4,64.1,0.5
Europe,2014,34.9,64.6,0.5
Northern America,2000,36.3,62.9,0.7
Northern America,2001,35.7,63.6,0.6
Northern America,2002,35.0,64.4,0.6
Northern America,2003,34.3,65.0,0.6
Northern America,2004,33.7,65.7,0.6
Northern America,2005,33.0,66.4,0.6
Northern America,2006,32.4,67.0,0.6
Northern America,2007,31.8,67.6,0.6
Northern America,2008,31.3,68.2,0.6
Northern America,2009,30.8,68.6,0.6
Northern America,2010,30.4,69.1,0.5
Northern America,2011,30.0,69.6,0.5
Northern America,2012,29.5,70.0,0.5
Northern America,2013,29.1,70.4,0.5
Northern America,2014,28.6,70.9,0.5
Oceania,2000,49.7,48.4,1.9
Oceania,2001,49.4,48.8,1.8
Oceania,2002,49.0,49.2,1.8
Oceania,2003,48.7,49.5,1.8
Oceania,2004,48.3,49.9,1.7
Oceania,2005,48.0,50.3,1.7
Oceania,2006,47.6,50.7,1.7
Oceania,2007,47.2,51.2,1.6
Oceania,2008,46.7,51.6,1.6
Oceania,2009,46.3,52.1,1.6
Oceania,2010,45.9,52.6,1.5
Oceania,2011,45.4,53.0,1.5
Oceania,2012,45.0,53.6,1.5
Oceania,2013,44.5,54.0,1.4
Oceania,2014,44.0,54.6,1.4
South America,2000,52.0,45.2,2.8
South America,2001,51.4,45.9,2.7
South America,2002,50.8,46.6,2.6
South America,2003,50.3,47.3,2.5
South America,2004,49.7,47.9,2.4
South America,2005,49.1,48.7,2.3
South America,2006,48.4,49.4,2.2
South America,2007,47.8,50.1,2.1
South America,2008,47.1,50.9,2.0
South America,2009,46.4,51.6,1.9
South America,2010,45.7,52.4,1.9
South America,2011,45.0,53.2,1.8
South America,2012,44.3,54.0,1.8
South America,2013,43.6,54.8,1.7
South America,2014,42.9,55.5,1.6
South-eastern Asia,2000,67.4,16.1,16.5
South-eastern Asia,2001,67.2,16.5,16.3
South-eastern Asia,2002,67.0,17.0,16.0
South-eastern Asia,2003,66.8,17.5,15.8
South-eastern Asia,2004,66.6,18.0,15.5
South-eastern Asia,2005,66.3,18.5,15.2
South-eastern Asia,2006,66.1,19.0,14.9
South-eastern Asia,2007,65.8,19.6,14.6
South-eastern Asia,2008,65.5,20.3,14.2
South-eastern Asia,2009,65.2,20.9,13.9
South-eastern Asia,2010,64.8,21.6,13.6
South-eastern Asia,2011,64.5,22.3,13.2
South-eastern Asia,2012,64.1,23.0,12.9
South-eastern Asia,2013,63.7,23.7,12.6
South-eastern Asia,2014,63.2,24.5,12.3
Southern Asia,2000,64.0,15.6,20.3
Southern Asia,2001,64.0,16.0,20.0
Southern Asia,2002,63.9,16.4,19.7
Southern Asia,2003,63.7,16.8,19.4
Southern Asia,2004,63.6,17.2,19.1
Southern Asia,2005,63.5,17.7,18.9
Southern Asia,2006,63.3,18.1,18.6
Southern Asia,2007,63.1,18.6,18.3
Southern Asia,2008,62.9,19.2,17.9
Southern Asia,2009,62.7,19.7,17.6
Southern Asia,2010,62.4,20.3,17.3
Southern Asia,2011,62.2,20.9,17.0
Southern Asia,2012,61.9,21.5,16.7
Southern Asia,2013,61.6,22.1,16.4
Southern Asia,2014,61.3,22.7,16.0
Western Asia,2000,45.6,51.4,3.0
Western Asia,2001,45.1,52.0,2.9
Western Asia,2002,44.6,52.7,2.8
Western Asia,2003,44.0,53.3,2.7
Western Asia,2004,43.5,54.0,2.6
Western Asia,2005,42.9,54.7,2.4
Western Asia,2006,42.3,55.4,2.3
Western Asia,2007,41.7,56.1,2.2
Western Asia,2008,41.1,56.7,2.1
Western Asia,2009,40.6,57.4,2.0
Western Asia,2010,40.0,58.0,2.0
Western Asia,2011,39.5,58.6,1.9
Western Asia,2012,38.9,59.2,1.8
Western Asia,2013,38.4,59.8,1.7
Western Asia,2014,37.9,60.4,1.7
